package com.oney.WebRTCModule;

public class BatteryArrayValue {
  public static final byte[] battery_25 = new byte[] { 
      0, 0, 0, 0, 0, 0, 0, 0, 0, 0, 
      0, 0, 0, 0, 0, 0, 0, 0, 0, 0, 
      0, 0, 0, 0, 0, 0, 0, 0, 0, 0, 
      0, 0, 0, 0, 0, 0, 0, 0, 0, 0, 
      0, 0, 0, 0, 0, 0, 0, 0, 0, 0, 
      0, 0, 0, 0, 0, 0, 0, 0, 0, 0, 
      0, 0, 0, 0, 0, 0, 0, 0, 0, 0, 
      0, 0, 0, 0, 0, 0, 0, 0, 0, 0, 
      0, 0, 0, 0, 0, 0, 0, 0, 0, 0, 
      0, 0, 0, 0, 0, 0, 0, 0, 0, 0, 
      0, 0, 0, 0, 0, 0, 0, 0, 0, 0, 
      0, 0, 0, 0, 0, 0, 0, 0, 0, 0, 
      0, 0, 0, 0, 0, 0, 0, 0, 0, 0, 
      0, 0, 0, 0, 0, 0, 0, 0, 0, 0, 
      0, 0, 0, 0, 0, 0, 0, 0, 0, 0, 
      0, 0, 0, 0, 0, 0, 0, 0, 0, 0, 
      0, 0, 0, 0, 0, 0, 0, 0, 0, 0, 
      0, 0, 0, 0, 0, 0, 0, 0, 0, 0, 
      0, 0, 0, 0, 0, 0, 0, 0, 0, 0, 
      0, 0, 0, 0, 0, 0, -1, -1, -1, -1, 
      -1, -1, -1, -1, -1, -1, -1, -1, -1, -1, 
      -1, -1, -1, -1, -1, 0, 0, 0, 0, 0, 
      0, 0, 0, 0, 0, 0, 0, 0, 0, 0, 
      0, 0, 0, -1, -1, -1, -1, -1, -1, -1, 
      -1, -1, -1, -1, -1, -1, -1, -1, -1, -1, 
      -1, -1, -1, -1, 0, 0, 0, 0, 0, 0, 
      0, 0, 0, 0, 0, 0, 0, 0, 0, 0, 
      0, -1, -1, 0, 0, 0, 0, 0, 0, 0, 
      0, 0, 0, 0, 0, 0, 0, 0, 0, 0, 
      -1, -1, 0, 0, 0, 0, 0, 0, 0, 0, 
      0, 0, 0, 0, 0, 0, 0, 0, 0, -1, 
      -1, 0, -1, -1, -1, 0, 0, 0, 0, 0, 
      0, 0, 0, 0, 0, 0, 0, 0, -1, -1, 
      0, 0, 0, 0, 0, 0, 0, 0, 0, 0, 
      0, 0, 0, 0, 0, 0, 0, -1, -1, 0, 
      -1, -1, -1, 0, 0, 0, 0, 0, 0, 0, 
      0, 0, 0, 0, 0, 0, -1, -1, 0, 0, 
      0, 0, 0, 0, 0, 0, 0, 0, 0, 0, 
      0, 0, 0, 0, 0, -1, -1, 0, -1, -1, 
      -1, 0, 0, 0, 0, 0, 0, 0, 0, 0, 
      0, 0, 0, 0, -1, -1, -1, -1, 0, 0, 
      0, 0, 0, 0, 0, 0, 0, 0, 0, 0, 
      0, 0, 0, -1, -1, 0, -1, -1, -1, 0, 
      0, 0, 0, 0, 0, 0, 0, 0, 0, 0, 
      0, 0, -1, -1, -1, -1, 0, 0, 0, 0, 
      0, 0, 0, 0, 0, 0, 0, 0, 0, 0, 
      0, -1, -1, 0, -1, -1, -1, 0, 0, 0, 
      0, 0, 0, 0, 0, 0, 0, 0, 0, 0, 
      -1, -1, -1, -1, 0, 0, 0, 0, 0, 0, 
      0, 0, 0, 0, 0, 0, 0, 0, 0, -1, 
      -1, 0, -1, -1, -1, 0, 0, 0, 0, 0, 
      0, 0, 0, 0, 0, 0, 0, 0, -1, -1, 
      -1, -1, 0, 0, 0, 0, 0, 0, 0, 0, 
      0, 0, 0, 0, 0, 0, 0, -1, -1, 0, 
      -1, -1, -1, 0, 0, 0, 0, 0, 0, 0, 
      0, 0, 0, 0, 0, 0, -1, -1, 0, 0, 
      0, 0, 0, 0, 0, 0, 0, 0, 0, 0, 
      0, 0, 0, 0, 0, -1, -1, 0, -1, -1, 
      -1, 0, 0, 0, 0, 0, 0, 0, 0, 0, 
      0, 0, 0, 0, -1, -1, 0, 0, 0, 0, 
      0, 0, 0, 0, 0, 0, 0, 0, 0, 0, 
      0, 0, 0, -1, -1, 0, 0, 0, 0, 0, 
      0, 0, 0, 0, 0, 0, 0, 0, 0, 0, 
      0, 0, -1, -1, 0, 0, 0, 0, 0, 0, 
      0, 0, 0, 0, 0, 0, 0, 0, 0, 0, 
      0, -1, -1, -1, -1, -1, -1, -1, -1, -1, 
      -1, -1, -1, -1, -1, -1, -1, -1, -1, -1, 
      -1, -1, 0, 0, 0, 0, 0, 0, 0, 0, 
      0, 0, 0, 0, 0, 0, 0, 0, 0, 0, 
      -1, -1, -1, -1, -1, -1, -1, -1, -1, -1, 
      -1, -1, -1, -1, -1, -1, -1, -1, -1, 0, 
      0, 0, 0, 0, 0, 0, 0, 0, 0, 0, 
      0, 0, 0, 0, 0, 0, 0, 0, 0, 0, 
      0, 0, 0, 0, 0, 0, 0, 0, 0, 0, 
      0, 0, 0, 0, 0, 0, 0, 0, 0, 0, 
      0, 0, 0, 0, 0, 0, 0, 0, 0, 0, 
      0, 0, 0, 0, 0, 0, 0, 0, 0, 0, 
      0, 0, 0, 0, 0, 0, 0, 0, 0, 0, 
      0, 0, 0, 0, 0, 0, 0, 0, 0, 0, 
      0, 0, 0, 0, 0, 0, 0, 0, 0, 0, 
      0, 0, 0, 0, 0, 0, 0, 0, 0, 0, 
      0, 0, 0, 0, 0, 0, 0, 0, 0, 0, 
      0, 0, 0, 0, 0, 0, 0, 0, 0, 0, 
      0, 0, 0, 0, 0, 0, 0, 0, 0, 0, 
      0, 0, 0, 0, 0, 0, 0, 0, 0, 0, 
      0, 0, 0, 0, 0, 0, 0, 0, 0, 0, 
      0, 0, 0, 0, 0, 0, 0, 0, 0, 0, 
      0, 0, 0, 0, 0, 0, 0, 0, 0, 0, 
      0, 0, 0, 0, 0, 0, 0, 0, 0, 0, 
      0, 0, 0, 0, 0, 0, 0, 0, 0, 0, 
      0, 0, 0, 0, 0, 0, 0, 0, 0, 0, 
      0, 0 };
  
  public static final byte[] battery_50 = new byte[] { 
      0, 0, 0, 0, 0, 0, 0, 0, 0, 0, 
      0, 0, 0, 0, 0, 0, 0, 0, 0, 0, 
      0, 0, 0, 0, 0, 0, 0, 0, 0, 0, 
      0, 0, 0, 0, 0, 0, 0, 0, 0, 0, 
      0, 0, 0, 0, 0, 0, 0, 0, 0, 0, 
      0, 0, 0, 0, 0, 0, 0, 0, 0, 0, 
      0, 0, 0, 0, 0, 0, 0, 0, 0, 0, 
      0, 0, 0, 0, 0, 0, 0, 0, 0, 0, 
      0, 0, 0, 0, 0, 0, 0, 0, 0, 0, 
      0, 0, 0, 0, 0, 0, 0, 0, 0, 0, 
      0, 0, 0, 0, 0, 0, 0, 0, 0, 0, 
      0, 0, 0, 0, 0, 0, 0, 0, 0, 0, 
      0, 0, 0, 0, 0, 0, 0, 0, 0, 0, 
      0, 0, 0, 0, 0, 0, 0, 0, 0, 0, 
      0, 0, 0, 0, 0, 0, 0, 0, 0, 0, 
      0, 0, 0, 0, 0, 0, 0, 0, 0, 0, 
      0, 0, 0, 0, 0, 0, 0, 0, 0, 0, 
      0, 0, 0, 0, 0, 0, 0, 0, 0, 0, 
      0, 0, 0, 0, 0, 0, 0, 0, 0, 0, 
      0, 0, 0, 0, 0, 0, -1, -1, -1, -1, 
      -1, -1, -1, -1, -1, -1, -1, -1, -1, -1, 
      -1, -1, -1, -1, -1, 0, 0, 0, 0, 0, 
      0, 0, 0, 0, 0, 0, 0, 0, 0, 0, 
      0, 0, 0, -1, -1, -1, -1, -1, -1, -1, 
      -1, -1, -1, -1, -1, -1, -1, -1, -1, -1, 
      -1, -1, -1, -1, 0, 0, 0, 0, 0, 0, 
      0, 0, 0, 0, 0, 0, 0, 0, 0, 0, 
      0, -1, -1, 0, 0, 0, 0, 0, 0, 0, 
      0, 0, 0, 0, 0, 0, 0, 0, 0, 0, 
      -1, -1, 0, 0, 0, 0, 0, 0, 0, 0, 
      0, 0, 0, 0, 0, 0, 0, 0, 0, -1, 
      -1, 0, -1, -1, -1, 0, -1, -1, -1, 0, 
      0, 0, 0, 0, 0, 0, 0, 0, -1, -1, 
      0, 0, 0, 0, 0, 0, 0, 0, 0, 0, 
      0, 0, 0, 0, 0, 0, 0, -1, -1, 0, 
      -1, -1, -1, 0, -1, -1, -1, 0, 0, 0, 
      0, 0, 0, 0, 0, 0, -1, -1, 0, 0, 
      0, 0, 0, 0, 0, 0, 0, 0, 0, 0, 
      0, 0, 0, 0, 0, -1, -1, 0, -1, -1, 
      -1, 0, -1, -1, -1, 0, 0, 0, 0, 0, 
      0, 0, 0, 0, -1, -1, -1, -1, 0, 0, 
      0, 0, 0, 0, 0, 0, 0, 0, 0, 0, 
      0, 0, 0, -1, -1, 0, -1, -1, -1, 0, 
      -1, -1, -1, 0, 0, 0, 0, 0, 0, 0, 
      0, 0, -1, -1, -1, -1, 0, 0, 0, 0, 
      0, 0, 0, 0, 0, 0, 0, 0, 0, 0, 
      0, -1, -1, 0, -1, -1, -1, 0, -1, -1, 
      -1, 0, 0, 0, 0, 0, 0, 0, 0, 0, 
      -1, -1, -1, -1, 0, 0, 0, 0, 0, 0, 
      0, 0, 0, 0, 0, 0, 0, 0, 0, -1, 
      -1, 0, -1, -1, -1, 0, -1, -1, -1, 0, 
      0, 0, 0, 0, 0, 0, 0, 0, -1, -1, 
      -1, -1, 0, 0, 0, 0, 0, 0, 0, 0, 
      0, 0, 0, 0, 0, 0, 0, -1, -1, 0, 
      -1, -1, -1, 0, -1, -1, -1, 0, 0, 0, 
      0, 0, 0, 0, 0, 0, -1, -1, 0, 0, 
      0, 0, 0, 0, 0, 0, 0, 0, 0, 0, 
      0, 0, 0, 0, 0, -1, -1, 0, -1, -1, 
      -1, 0, -1, -1, -1, 0, 0, 0, 0, 0, 
      0, 0, 0, 0, -1, -1, 0, 0, 0, 0, 
      0, 0, 0, 0, 0, 0, 0, 0, 0, 0, 
      0, 0, 0, -1, -1, 0, 0, 0, 0, 0, 
      0, 0, 0, 0, 0, 0, 0, 0, 0, 0, 
      0, 0, -1, -1, 0, 0, 0, 0, 0, 0, 
      0, 0, 0, 0, 0, 0, 0, 0, 0, 0, 
      0, -1, -1, -1, -1, -1, -1, -1, -1, -1, 
      -1, -1, -1, -1, -1, -1, -1, -1, -1, -1, 
      -1, -1, 0, 0, 0, 0, 0, 0, 0, 0, 
      0, 0, 0, 0, 0, 0, 0, 0, 0, 0, 
      -1, -1, -1, -1, -1, -1, -1, -1, -1, -1, 
      -1, -1, -1, -1, -1, -1, -1, -1, -1, 0, 
      0, 0, 0, 0, 0, 0, 0, 0, 0, 0, 
      0, 0, 0, 0, 0, 0, 0, 0, 0, 0, 
      0, 0, 0, 0, 0, 0, 0, 0, 0, 0, 
      0, 0, 0, 0, 0, 0, 0, 0, 0, 0, 
      0, 0, 0, 0, 0, 0, 0, 0, 0, 0, 
      0, 0, 0, 0, 0, 0, 0, 0, 0, 0, 
      0, 0, 0, 0, 0, 0, 0, 0, 0, 0, 
      0, 0, 0, 0, 0, 0, 0, 0, 0, 0, 
      0, 0, 0, 0, 0, 0, 0, 0, 0, 0, 
      0, 0, 0, 0, 0, 0, 0, 0, 0, 0, 
      0, 0, 0, 0, 0, 0, 0, 0, 0, 0, 
      0, 0, 0, 0, 0, 0, 0, 0, 0, 0, 
      0, 0, 0, 0, 0, 0, 0, 0, 0, 0, 
      0, 0, 0, 0, 0, 0, 0, 0, 0, 0, 
      0, 0, 0, 0, 0, 0, 0, 0, 0, 0, 
      0, 0, 0, 0, 0, 0, 0, 0, 0, 0, 
      0, 0, 0, 0, 0, 0, 0, 0, 0, 0, 
      0, 0, 0, 0, 0, 0, 0, 0, 0, 0, 
      0, 0, 0, 0, 0, 0, 0, 0, 0, 0, 
      0, 0, 0, 0, 0, 0, 0, 0, 0, 0, 
      0, 0 };
  
  public static final byte[] battery_75 = new byte[] { 
      0, 0, 0, 0, 0, 0, 0, 0, 0, 0, 
      0, 0, 0, 0, 0, 0, 0, 0, 0, 0, 
      0, 0, 0, 0, 0, 0, 0, 0, 0, 0, 
      0, 0, 0, 0, 0, 0, 0, 0, 0, 0, 
      0, 0, 0, 0, 0, 0, 0, 0, 0, 0, 
      0, 0, 0, 0, 0, 0, 0, 0, 0, 0, 
      0, 0, 0, 0, 0, 0, 0, 0, 0, 0, 
      0, 0, 0, 0, 0, 0, 0, 0, 0, 0, 
      0, 0, 0, 0, 0, 0, 0, 0, 0, 0, 
      0, 0, 0, 0, 0, 0, 0, 0, 0, 0, 
      0, 0, 0, 0, 0, 0, 0, 0, 0, 0, 
      0, 0, 0, 0, 0, 0, 0, 0, 0, 0, 
      0, 0, 0, 0, 0, 0, 0, 0, 0, 0, 
      0, 0, 0, 0, 0, 0, 0, 0, 0, 0, 
      0, 0, 0, 0, 0, 0, 0, 0, 0, 0, 
      0, 0, 0, 0, 0, 0, 0, 0, 0, 0, 
      0, 0, 0, 0, 0, 0, 0, 0, 0, 0, 
      0, 0, 0, 0, 0, 0, 0, 0, 0, 0, 
      0, 0, 0, 0, 0, 0, 0, 0, 0, 0, 
      0, 0, 0, 0, 0, 0, -1, -1, -1, -1, 
      -1, -1, -1, -1, -1, -1, -1, -1, -1, -1, 
      -1, -1, -1, -1, -1, 0, 0, 0, 0, 0, 
      0, 0, 0, 0, 0, 0, 0, 0, 0, 0, 
      0, 0, 0, -1, -1, -1, -1, -1, -1, -1, 
      -1, -1, -1, -1, -1, -1, -1, -1, -1, -1, 
      -1, -1, -1, -1, 0, 0, 0, 0, 0, 0, 
      0, 0, 0, 0, 0, 0, 0, 0, 0, 0, 
      0, -1, -1, 0, 0, 0, 0, 0, 0, 0, 
      0, 0, 0, 0, 0, 0, 0, 0, 0, 0, 
      -1, -1, 0, 0, 0, 0, 0, 0, 0, 0, 
      0, 0, 0, 0, 0, 0, 0, 0, 0, -1, 
      -1, 0, -1, -1, -1, 0, -1, -1, -1, 0, 
      -1, -1, -1, 0, 0, 0, 0, 0, -1, -1, 
      0, 0, 0, 0, 0, 0, 0, 0, 0, 0, 
      0, 0, 0, 0, 0, 0, 0, -1, -1, 0, 
      -1, -1, -1, 0, -1, -1, -1, 0, -1, -1, 
      -1, 0, 0, 0, 0, 0, -1, -1, 0, 0, 
      0, 0, 0, 0, 0, 0, 0, 0, 0, 0, 
      0, 0, 0, 0, 0, -1, -1, 0, -1, -1, 
      -1, 0, -1, -1, -1, 0, -1, -1, -1, 0, 
      0, 0, 0, 0, -1, -1, -1, -1, 0, 0, 
      0, 0, 0, 0, 0, 0, 0, 0, 0, 0, 
      0, 0, 0, -1, -1, 0, -1, -1, -1, 0, 
      -1, -1, -1, 0, -1, -1, -1, 0, 0, 0, 
      0, 0, -1, -1, -1, -1, 0, 0, 0, 0, 
      0, 0, 0, 0, 0, 0, 0, 0, 0, 0, 
      0, -1, -1, 0, -1, -1, -1, 0, -1, -1, 
      -1, 0, -1, -1, -1, 0, 0, 0, 0, 0, 
      -1, -1, -1, -1, 0, 0, 0, 0, 0, 0, 
      0, 0, 0, 0, 0, 0, 0, 0, 0, -1, 
      -1, 0, -1, -1, -1, 0, -1, -1, -1, 0, 
      -1, -1, -1, 0, 0, 0, 0, 0, -1, -1, 
      -1, -1, 0, 0, 0, 0, 0, 0, 0, 0, 
      0, 0, 0, 0, 0, 0, 0, -1, -1, 0, 
      -1, -1, -1, 0, -1, -1, -1, 0, -1, -1, 
      -1, 0, 0, 0, 0, 0, -1, -1, 0, 0, 
      0, 0, 0, 0, 0, 0, 0, 0, 0, 0, 
      0, 0, 0, 0, 0, -1, -1, 0, -1, -1, 
      -1, 0, -1, -1, -1, 0, -1, -1, -1, 0, 
      0, 0, 0, 0, -1, -1, 0, 0, 0, 0, 
      0, 0, 0, 0, 0, 0, 0, 0, 0, 0, 
      0, 0, 0, -1, -1, 0, 0, 0, 0, 0, 
      0, 0, 0, 0, 0, 0, 0, 0, 0, 0, 
      0, 0, -1, -1, 0, 0, 0, 0, 0, 0, 
      0, 0, 0, 0, 0, 0, 0, 0, 0, 0, 
      0, -1, -1, -1, -1, -1, -1, -1, -1, -1, 
      -1, -1, -1, -1, -1, -1, -1, -1, -1, -1, 
      -1, -1, 0, 0, 0, 0, 0, 0, 0, 0, 
      0, 0, 0, 0, 0, 0, 0, 0, 0, 0, 
      -1, -1, -1, -1, -1, -1, -1, -1, -1, -1, 
      -1, -1, -1, -1, -1, -1, -1, -1, -1, 0, 
      0, 0, 0, 0, 0, 0, 0, 0, 0, 0, 
      0, 0, 0, 0, 0, 0, 0, 0, 0, 0, 
      0, 0, 0, 0, 0, 0, 0, 0, 0, 0, 
      0, 0, 0, 0, 0, 0, 0, 0, 0, 0, 
      0, 0, 0, 0, 0, 0, 0, 0, 0, 0, 
      0, 0, 0, 0, 0, 0, 0, 0, 0, 0, 
      0, 0, 0, 0, 0, 0, 0, 0, 0, 0, 
      0, 0, 0, 0, 0, 0, 0, 0, 0, 0, 
      0, 0, 0, 0, 0, 0, 0, 0, 0, 0, 
      0, 0, 0, 0, 0, 0, 0, 0, 0, 0, 
      0, 0, 0, 0, 0, 0, 0, 0, 0, 0, 
      0, 0, 0, 0, 0, 0, 0, 0, 0, 0, 
      0, 0, 0, 0, 0, 0, 0, 0, 0, 0, 
      0, 0, 0, 0, 0, 0, 0, 0, 0, 0, 
      0, 0, 0, 0, 0, 0, 0, 0, 0, 0, 
      0, 0, 0, 0, 0, 0, 0, 0, 0, 0, 
      0, 0, 0, 0, 0, 0, 0, 0, 0, 0, 
      0, 0, 0, 0, 0, 0, 0, 0, 0, 0, 
      0, 0, 0, 0, 0, 0, 0, 0, 0, 0, 
      0, 0, 0, 0, 0, 0, 0, 0, 0, 0, 
      0, 0 };
  
  public static final byte[] battery_100 = new byte[] { 
      0, 0, 0, 0, 0, 0, 0, 0, 0, 0, 
      0, 0, 0, 0, 0, 0, 0, 0, 0, 0, 
      0, 0, 0, 0, 0, 0, 0, 0, 0, 0, 
      0, 0, 0, 0, 0, 0, 0, 0, 0, 0, 
      0, 0, 0, 0, 0, 0, 0, 0, 0, 0, 
      0, 0, 0, 0, 0, 0, 0, 0, 0, 0, 
      0, 0, 0, 0, 0, 0, 0, 0, 0, 0, 
      0, 0, 0, 0, 0, 0, 0, 0, 0, 0, 
      0, 0, 0, 0, 0, 0, 0, 0, 0, 0, 
      0, 0, 0, 0, 0, 0, 0, 0, 0, 0, 
      0, 0, 0, 0, 0, 0, 0, 0, 0, 0, 
      0, 0, 0, 0, 0, 0, 0, 0, 0, 0, 
      0, 0, 0, 0, 0, 0, 0, 0, 0, 0, 
      0, 0, 0, 0, 0, 0, 0, 0, 0, 0, 
      0, 0, 0, 0, 0, 0, 0, 0, 0, 0, 
      0, 0, 0, 0, 0, 0, 0, 0, 0, 0, 
      0, 0, 0, 0, 0, 0, 0, 0, 0, 0, 
      0, 0, 0, 0, 0, 0, 0, 0, 0, 0, 
      0, 0, 0, 0, 0, 0, 0, 0, 0, 0, 
      0, 0, 0, 0, 0, 0, -1, -1, -1, -1, 
      -1, -1, -1, -1, -1, -1, -1, -1, -1, -1, 
      -1, -1, -1, -1, -1, 0, 0, 0, 0, 0, 
      0, 0, 0, 0, 0, 0, 0, 0, 0, 0, 
      0, 0, 0, -1, -1, -1, -1, -1, -1, -1, 
      -1, -1, -1, -1, -1, -1, -1, -1, -1, -1, 
      -1, -1, -1, -1, 0, 0, 0, 0, 0, 0, 
      0, 0, 0, 0, 0, 0, 0, 0, 0, 0, 
      0, -1, -1, 0, 0, 0, 0, 0, 0, 0, 
      0, 0, 0, 0, 0, 0, 0, 0, 0, 0, 
      -1, -1, 0, 0, 0, 0, 0, 0, 0, 0, 
      0, 0, 0, 0, 0, 0, 0, 0, 0, -1, 
      -1, 0, -1, -1, -1, 0, -1, -1, -1, 0, 
      -1, -1, -1, 0, -1, -1, -1, 0, -1, -1, 
      0, 0, 0, 0, 0, 0, 0, 0, 0, 0, 
      0, 0, 0, 0, 0, 0, 0, -1, -1, 0, 
      -1, -1, -1, 0, -1, -1, -1, 0, -1, -1, 
      -1, 0, -1, -1, -1, 0, -1, -1, 0, 0, 
      0, 0, 0, 0, 0, 0, 0, 0, 0, 0, 
      0, 0, 0, 0, 0, -1, -1, 0, -1, -1, 
      -1, 0, -1, -1, -1, 0, -1, -1, -1, 0, 
      -1, -1, -1, 0, -1, -1, -1, -1, 0, 0, 
      0, 0, 0, 0, 0, 0, 0, 0, 0, 0, 
      0, 0, 0, -1, -1, 0, -1, -1, -1, 0, 
      -1, -1, -1, 0, -1, -1, -1, 0, -1, -1, 
      -1, 0, -1, -1, -1, -1, 0, 0, 0, 0, 
      0, 0, 0, 0, 0, 0, 0, 0, 0, 0, 
      0, -1, -1, 0, -1, -1, -1, 0, -1, -1, 
      -1, 0, -1, -1, -1, 0, -1, -1, -1, 0, 
      -1, -1, -1, -1, 0, 0, 0, 0, 0, 0, 
      0, 0, 0, 0, 0, 0, 0, 0, 0, -1, 
      -1, 0, -1, -1, -1, 0, -1, -1, -1, 0, 
      -1, -1, -1, 0, -1, -1, -1, 0, -1, -1, 
      -1, -1, 0, 0, 0, 0, 0, 0, 0, 0, 
      0, 0, 0, 0, 0, 0, 0, -1, -1, 0, 
      -1, -1, -1, 0, -1, -1, -1, 0, -1, -1, 
      -1, 0, -1, -1, -1, 0, -1, -1, 0, 0, 
      0, 0, 0, 0, 0, 0, 0, 0, 0, 0, 
      0, 0, 0, 0, 0, -1, -1, 0, -1, -1, 
      -1, 0, -1, -1, -1, 0, -1, -1, -1, 0, 
      -1, -1, -1, 0, -1, -1, 0, 0, 0, 0, 
      0, 0, 0, 0, 0, 0, 0, 0, 0, 0, 
      0, 0, 0, -1, -1, 0, 0, 0, 0, 0, 
      0, 0, 0, 0, 0, 0, 0, 0, 0, 0, 
      0, 0, -1, -1, 0, 0, 0, 0, 0, 0, 
      0, 0, 0, 0, 0, 0, 0, 0, 0, 0, 
      0, -1, -1, -1, -1, -1, -1, -1, -1, -1, 
      -1, -1, -1, -1, -1, -1, -1, -1, -1, -1, 
      -1, -1, 0, 0, 0, 0, 0, 0, 0, 0, 
      0, 0, 0, 0, 0, 0, 0, 0, 0, 0, 
      -1, -1, -1, -1, -1, -1, -1, -1, -1, -1, 
      -1, -1, -1, -1, -1, -1, -1, -1, -1, 0, 
      0, 0, 0, 0, 0, 0, 0, 0, 0, 0, 
      0, 0, 0, 0, 0, 0, 0, 0, 0, 0, 
      0, 0, 0, 0, 0, 0, 0, 0, 0, 0, 
      0, 0, 0, 0, 0, 0, 0, 0, 0, 0, 
      0, 0, 0, 0, 0, 0, 0, 0, 0, 0, 
      0, 0, 0, 0, 0, 0, 0, 0, 0, 0, 
      0, 0, 0, 0, 0, 0, 0, 0, 0, 0, 
      0, 0, 0, 0, 0, 0, 0, 0, 0, 0, 
      0, 0, 0, 0, 0, 0, 0, 0, 0, 0, 
      0, 0, 0, 0, 0, 0, 0, 0, 0, 0, 
      0, 0, 0, 0, 0, 0, 0, 0, 0, 0, 
      0, 0, 0, 0, 0, 0, 0, 0, 0, 0, 
      0, 0, 0, 0, 0, 0, 0, 0, 0, 0, 
      0, 0, 0, 0, 0, 0, 0, 0, 0, 0, 
      0, 0, 0, 0, 0, 0, 0, 0, 0, 0, 
      0, 0, 0, 0, 0, 0, 0, 0, 0, 0, 
      0, 0, 0, 0, 0, 0, 0, 0, 0, 0, 
      0, 0, 0, 0, 0, 0, 0, 0, 0, 0, 
      0, 0, 0, 0, 0, 0, 0, 0, 0, 0, 
      0, 0, 0, 0, 0, 0, 0, 0, 0, 0, 
      0, 0 };
  
  public static final byte[] battery_alert = new byte[] { 
      0, 0, 0, 0, 0, 0, 0, 0, 0, 0, 
      0, 0, 0, 0, 0, 0, 0, 0, 0, 0, 
      0, 0, 0, 0, 0, 0, 0, 0, 0, 0, 
      0, 0, 0, 0, 0, 0, 0, 0, 0, 0, 
      0, 0, 0, 0, 0, 0, 0, 0, 0, 0, 
      0, 0, 0, 0, 0, 0, 0, 0, 0, 0, 
      0, 0, 0, 0, 0, 0, 0, 0, 0, 0, 
      0, 0, 0, 0, 0, 0, 0, 0, 0, 0, 
      0, 0, 0, 0, 0, 0, 0, 0, 0, 0, 
      0, 0, 0, 0, 0, 0, 0, 0, 0, 0, 
      0, 0, 0, 0, 0, 0, 0, 0, 0, 0, 
      0, 0, 0, 0, 0, 0, 0, 0, 0, 0, 
      0, 0, 0, 0, 0, 0, 0, 0, 0, 0, 
      0, 0, 0, 0, 0, 0, 0, 0, 0, 0, 
      0, 0, 0, 0, 0, 0, 0, 0, 0, 0, 
      0, 0, 0, 0, 0, 0, 0, 0, 0, 0, 
      0, 0, 0, 0, 0, 0, 0, 0, 0, 0, 
      0, 0, 0, 0, 0, 0, 0, 0, 0, 0, 
      0, 0, 0, 0, 0, 0, 0, 0, 0, 0, 
      0, 0, 0, 0, 0, 0, -1, -1, -1, -1, 
      -1, -1, -1, -1, -1, -1, -1, -1, -1, -1, 
      -1, -1, -1, -1, -1, 0, 0, 0, 0, 0, 
      0, 0, 0, 0, 0, 0, 0, 0, 0, 0, 
      0, 0, 0, -1, -1, -1, -1, -1, -1, -1, 
      -1, -1, -1, -1, -1, -1, -1, -1, -1, -1, 
      -1, -1, -1, -1, 0, 0, 0, 0, 0, 0, 
      0, 0, 0, 0, 0, 0, 0, 0, 0, 0, 
      0, -1, -1, 0, 0, 0, 0, 0, 0, 0, 
      0, 0, 0, 0, 0, 0, 0, 0, 0, 0, 
      -1, -1, 0, 0, 0, 0, 0, 0, 0, 0, 
      0, 0, 0, 0, 0, 0, 0, 0, 0, -1, 
      -1, 0, 0, 0, 0, 0, 0, 0, -1, -1, 
      -1, 0, 0, 0, 0, 0, 0, 0, -1, -1, 
      0, 0, 0, 0, 0, 0, 0, 0, 0, 0, 
      0, 0, 0, 0, 0, 0, 0, -1, -1, 0, 
      0, 0, 0, 0, 0, 0, -1, -1, -1, 0, 
      0, 0, 0, 0, 0, 0, -1, -1, 0, 0, 
      0, 0, 0, 0, 0, 0, 0, 0, 0, 0, 
      0, 0, 0, 0, 0, -1, -1, 0, 0, 0, 
      0, 0, 0, 0, -1, -1, -1, 0, 0, 0, 
      0, 0, 0, 0, -1, -1, -1, -1, 0, 0, 
      0, 0, 0, 0, 0, 0, 0, 0, 0, 0, 
      0, 0, 0, -1, -1, 0, 0, 0, 0, 0, 
      0, 0, -1, -1, -1, 0, 0, 0, 0, 0, 
      0, 0, -1, -1, -1, -1, 0, 0, 0, 0, 
      0, 0, 0, 0, 0, 0, 0, 0, 0, 0, 
      0, -1, -1, 0, 0, 0, 0, 0, 0, 0, 
      -1, -1, -1, 0, 0, 0, 0, 0, 0, 0, 
      -1, -1, -1, -1, 0, 0, 0, 0, 0, 0, 
      0, 0, 0, 0, 0, 0, 0, 0, 0, -1, 
      -1, 0, 0, 0, 0, 0, 0, 0, 0, 0, 
      0, 0, 0, 0, 0, 0, 0, 0, -1, -1, 
      -1, -1, 0, 0, 0, 0, 0, 0, 0, 0, 
      0, 0, 0, 0, 0, 0, 0, -1, -1, 0, 
      0, 0, 0, 0, 0, 0, -1, -1, -1, 0, 
      0, 0, 0, 0, 0, 0, -1, -1, 0, 0, 
      0, 0, 0, 0, 0, 0, 0, 0, 0, 0, 
      0, 0, 0, 0, 0, -1, -1, 0, 0, 0, 
      0, 0, 0, 0, -1, -1, -1, 0, 0, 0, 
      0, 0, 0, 0, -1, -1, 0, 0, 0, 0, 
      0, 0, 0, 0, 0, 0, 0, 0, 0, 0, 
      0, 0, 0, -1, -1, 0, 0, 0, 0, 0, 
      0, 0, 0, 0, 0, 0, 0, 0, 0, 0, 
      0, 0, -1, -1, 0, 0, 0, 0, 0, 0, 
      0, 0, 0, 0, 0, 0, 0, 0, 0, 0, 
      0, -1, -1, -1, -1, -1, -1, -1, -1, -1, 
      -1, -1, -1, -1, -1, -1, -1, -1, -1, -1, 
      -1, -1, 0, 0, 0, 0, 0, 0, 0, 0, 
      0, 0, 0, 0, 0, 0, 0, 0, 0, 0, 
      -1, -1, -1, -1, -1, -1, -1, -1, -1, -1, 
      -1, -1, -1, -1, -1, -1, -1, -1, -1, 0, 
      0, 0, 0, 0, 0, 0, 0, 0, 0, 0, 
      0, 0, 0, 0, 0, 0, 0, 0, 0, 0, 
      0, 0, 0, 0, 0, 0, 0, 0, 0, 0, 
      0, 0, 0, 0, 0, 0, 0, 0, 0, 0, 
      0, 0, 0, 0, 0, 0, 0, 0, 0, 0, 
      0, 0, 0, 0, 0, 0, 0, 0, 0, 0, 
      0, 0, 0, 0, 0, 0, 0, 0, 0, 0, 
      0, 0, 0, 0, 0, 0, 0, 0, 0, 0, 
      0, 0, 0, 0, 0, 0, 0, 0, 0, 0, 
      0, 0, 0, 0, 0, 0, 0, 0, 0, 0, 
      0, 0, 0, 0, 0, 0, 0, 0, 0, 0, 
      0, 0, 0, 0, 0, 0, 0, 0, 0, 0, 
      0, 0, 0, 0, 0, 0, 0, 0, 0, 0, 
      0, 0, 0, 0, 0, 0, 0, 0, 0, 0, 
      0, 0, 0, 0, 0, 0, 0, 0, 0, 0, 
      0, 0, 0, 0, 0, 0, 0, 0, 0, 0, 
      0, 0, 0, 0, 0, 0, 0, 0, 0, 0, 
      0, 0, 0, 0, 0, 0, 0, 0, 0, 0, 
      0, 0, 0, 0, 0, 0, 0, 0, 0, 0, 
      0, 0, 0, 0, 0, 0, 0, 0, 0, 0, 
      0, 0 };
}
